structure(list(InvoiceID = c("CAR-CLO-001", "CAR-CLO-002", "CAR-CLO-003", 
"CAR-CLO-004", "CAR-CLO-005", "CAR-CLO-006", "CAR-CLO-007", "CAR-CLO-008", 
"CAR-CLO-009", "CAR-CLO-010", "CAR-CLO-011", "CAR-CLO-012", "CAR-CLO-013", 
"CAR-CLO-014", "CAR-CLO-015", "CAR-CLO-016", "CAR-CLO-017", "CAR-CLO-018", 
"CAR-CLO-019", "CAR-CLO-020", "CAR-CLO-021", "CAR-CLO-022", "CAR-CLO-023", 
"CAR-CLO-024", "CAR-CLO-025", "CAR-CLO-026", "CAR-CLO-027", "CAR-CLO-028", 
"CAR-CLO-029", "CAR-CLO-030", "CAR-CLO-031", "CAR-CLO-032", "CAR-CLO-033", 
"CAR-CLO-034", "CAR-CLO-035", "CAR-CLO-036", "CAR-CLO-037", "CAR-CLO-038", 
"CAR-CLO-039", "CAR-CLO-040", "CAR-CLO-041", "CAR-CLO-042", "CAR-CLO-043", 
"CAR-CLO-044", "CAR-CLO-045", "CAR-CLO-046", "CAR-CLO-047", "CAR-CLO-048", 
"CAR-CLO-049", "CAR-CLO-050", "CAR-CLO-051", "CAR-ELE-001", "CAR-ELE-002", 
"CAR-ELE-003", "CAR-ELE-004", "CAR-ELE-005", "CAR-ELE-006", "CAR-ELE-007", 
"CAR-ELE-008", "CAR-ELE-009", "CAR-ELE-010", "CAR-ELE-011", "CAR-ELE-012", 
"CAR-ELE-013", "CAR-ELE-014", "CAR-ELE-015", "CAR-ELE-016", "CAR-ELE-017", 
"CAR-ELE-018", "CAR-ELE-019", "CAR-ELE-020", "CAR-ELE-021", "CAR-ELE-022", 
"CAR-ELE-023", "CAR-ELE-024", "CAR-ELE-025", "CAR-ELE-026", "CAR-ELE-027", 
"CAR-ELE-028", "CAR-ELE-029", "CAR-ELE-030", "CAR-ELE-031", "CAR-ELE-032", 
"CAR-ELE-033", "CAR-ELE-034", "CAR-ELE-035", "CAR-ELE-036", "CAR-ELE-037", 
"CAR-ELE-038", "CAR-ELE-039", "CAR-ELE-040", "CAR-ELE-041", "CAR-ELE-042", 
"CAR-ELE-043", "CAR-ELE-044", "CAR-ELE-045", "CAR-ELE-046", "CAR-ELE-047", 
"CAR-ELE-048", "CAR-ELE-049", "CAR-ELE-050", "CAR-ELE-051", "CAR-ELE-052", 
"CAR-ELE-053", "CAR-ELE-054", "CAR-ELE-055", "CAR-ELE-056", "CAR-ELE-057", 
"CAR-ELE-058", "CAR-ELE-059", "CAR-ELE-060", "CAR-FBV-001", "CAR-FBV-002", 
"CAR-FBV-003", "CAR-FBV-004", "CAR-FBV-005", "CAR-FBV-006", "CAR-FBV-007", 
"CAR-FBV-008", "CAR-FBV-009", "CAR-FBV-010", "CAR-FBV-011", "CAR-FBV-012", 
"CAR-FBV-013", "CAR-FBV-014", "CAR-FBV-015", "CAR-FBV-016", "CAR-FBV-017", 
"CAR-FBV-018", "CAR-FBV-019", "CAR-FBV-020", "CAR-FBV-021", "CAR-FBV-022", 
"CAR-FBV-023", "CAR-FBV-024", "CAR-FBV-025", "CAR-FBV-026", "CAR-FBV-027", 
"CAR-FBV-028", "CAR-FBV-029", "CAR-FBV-030", "CAR-FBV-031", "CAR-FBV-032", 
"CAR-FBV-033", "CAR-FBV-034", "CAR-FBV-035", "CAR-FBV-036", "CAR-FBV-037", 
"CAR-FBV-038", "CAR-FBV-039", "CAR-FBV-040", "CAR-FBV-041", "CAR-FBV-042", 
"CAR-FBV-043", "CAR-FBV-044", "CAR-FBV-045", "CAR-FBV-046", "CAR-FBV-047", 
"CAR-FBV-048", "CAR-FBV-049", "CAR-FBV-050", "CAR-FBV-051", "CAR-FBV-052", 
"CAR-FBV-053", "CAR-FBV-054", "CAR-FBV-055", "CAR-FBV-056", "CAR-FBV-057", 
"CAR-FBV-058", "CAR-HBE-001", "CAR-HBE-002", "CAR-HBE-003", "CAR-HBE-004", 
"CAR-HBE-005", "CAR-HBE-006", "CAR-HBE-007", "CAR-HBE-008", "CAR-HBE-009", 
"CAR-HBE-010", "CAR-HBE-011", "CAR-HBE-012", "CAR-HBE-013", "CAR-HBE-014", 
"CAR-HBE-015", "CAR-HBE-016", "CAR-HBE-017", "CAR-HBE-018", "CAR-HBE-019", 
"CAR-HBE-020", "CAR-HBE-021", "CAR-HBE-022", "CAR-HBE-023", "CAR-HBE-024", 
"CAR-HBE-025", "CAR-HBE-026", "CAR-HBE-027", "CAR-HBE-028", "CAR-HBE-029", 
"CAR-HBE-030", "CAR-HBE-031", "CAR-HBE-032", "CAR-HBE-033", "CAR-HBE-034", 
"CAR-HBE-035", "CAR-HBE-036", "CAR-HBE-037", "CAR-HBE-038", "CAR-HBE-039", 
"CAR-HBE-040", "CAR-HBE-041", "CAR-HBE-042", "CAR-HBE-043", "CAR-HBE-044", 
"CAR-HBE-045", "CAR-HBE-046", "CAR-HBE-047", "CAR-HML-001", "CAR-HML-002", 
"CAR-HML-003", "CAR-HML-004", "CAR-HML-005", "CAR-HML-006", "CAR-HML-007", 
"CAR-HML-008", "CAR-HML-009", "CAR-HML-010", "CAR-HML-011", "CAR-HML-012", 
"CAR-HML-013", "CAR-HML-014", "CAR-HML-015", "CAR-HML-016", "CAR-HML-017", 
"CAR-HML-018", "CAR-HML-019", "CAR-HML-020", "CAR-HML-021", "CAR-HML-022", 
"CAR-HML-023", "CAR-HML-024", "CAR-HML-025", "CAR-HML-026", "CAR-HML-027", 
"CAR-HML-028", "CAR-HML-029", "CAR-HML-030", "CAR-HML-031", "CAR-HML-032", 
"CAR-HML-033", "CAR-HML-034", "CAR-HML-035", "CAR-HML-036", "CAR-HML-037", 
"CAR-HML-038", "CAR-HML-039", "CAR-HML-040", "CAR-HML-041", "CAR-HML-042", 
"CAR-HML-043", "CAR-HML-044", "CAR-HML-045", "CAR-HML-046", "CAR-HML-047", 
"CAR-HML-048", "CAR-HML-049", "CAR-HML-050", "CAR-HML-051", "CAR-HML-052", 
"CAR-HML-053", "CAR-HML-054", "CAR-HML-055", "CAR-HML-056", "CAR-HML-057", 
"CAR-HML-058", "CAR-HML-059", "CAR-HML-060", "CAR-HML-061", "CAR-HML-062", 
"CAR-HML-063", "CAR-HML-064", "CAR-STR-001", "CAR-STR-002", "CAR-STR-003", 
"CAR-STR-004", "CAR-STR-005", "CAR-STR-006", "CAR-STR-007", "CAR-STR-008", 
"CAR-STR-009", "CAR-STR-010", "CAR-STR-011", "CAR-STR-012", "CAR-STR-013", 
"CAR-STR-014", "CAR-STR-015", "CAR-STR-016", "CAR-STR-017", "CAR-STR-018", 
"CAR-STR-019", "CAR-STR-020", "CAR-STR-021", "CAR-STR-022", "CAR-STR-023", 
"CAR-STR-024", "CAR-STR-025", "CAR-STR-026", "CAR-STR-027", "CAR-STR-028", 
"CAR-STR-029", "CAR-STR-030", "CAR-STR-031", "CAR-STR-032", "CAR-STR-033", 
"CAR-STR-034", "CAR-STR-035", "CAR-STR-036", "CAR-STR-037", "CAR-STR-038", 
"CAR-STR-039", "CAR-STR-040", "CAR-STR-041", "CAR-STR-042", "CAR-STR-043", 
"CAR-STR-044", "CAR-STR-045", "CAR-STR-046", "CAR-STR-047", "CAR-STR-048", 
"CAR-STR-049", "CAR-STR-050", "CAR-STR-051", "CAR-STR-052", "CAR-STR-053", 
"CAR-STR-054", "CAR-STR-055", "CAR-STR-056", "CAR-STR-057", "CAR-STR-058", 
"CAR-STR-059", "GRC-CLO-001", "GRC-CLO-002", "GRC-CLO-003", "GRC-CLO-004", 
"GRC-CLO-005", "GRC-CLO-006", "GRC-CLO-007", "GRC-CLO-008", "GRC-CLO-009", 
"GRC-CLO-010", "GRC-CLO-011", "GRC-CLO-012", "GRC-CLO-013", "GRC-CLO-014", 
"GRC-CLO-015", "GRC-CLO-016", "GRC-CLO-017", "GRC-CLO-018", "GRC-CLO-019", 
"GRC-CLO-020", "GRC-CLO-021", "GRC-CLO-022", "GRC-CLO-023", "GRC-CLO-024", 
"GRC-CLO-025", "GRC-CLO-026", "GRC-CLO-027", "GRC-CLO-028", "GRC-CLO-029", 
"GRC-CLO-030", "GRC-CLO-031", "GRC-CLO-032", "GRC-CLO-033", "GRC-CLO-034", 
"GRC-CLO-035", "GRC-CLO-036", "GRC-CLO-037", "GRC-CLO-038", "GRC-CLO-039", 
"GRC-CLO-040", "GRC-CLO-041", "GRC-CLO-042", "GRC-CLO-043", "GRC-CLO-044", 
"GRC-CLO-045", "GRC-CLO-046", "GRC-CLO-047", "GRC-CLO-048", "GRC-CLO-049", 
"GRC-CLO-050", "GRC-CLO-051", "GRC-CLO-052", "GRC-CLO-053", "GRC-CLO-054", 
"GRC-CLO-055", "GRC-CLO-056", "GRC-CLO-057", "GRC-CLO-058", "GRC-CLO-059", 
"GRC-CLO-060", "GRC-CLO-061", "GRC-CLO-062", "GRC-ELE-001", "GRC-ELE-002", 
"GRC-ELE-003", "GRC-ELE-004", "GRC-ELE-005", "GRC-ELE-006", "GRC-ELE-007", 
"GRC-ELE-008", "GRC-ELE-009", "GRC-ELE-010", "GRC-ELE-011", "GRC-ELE-012", 
"GRC-ELE-013", "GRC-ELE-014", "GRC-ELE-015", "GRC-ELE-016", "GRC-ELE-017", 
"GRC-ELE-018", "GRC-ELE-019", "GRC-ELE-020", "GRC-ELE-021", "GRC-ELE-022", 
"GRC-ELE-023", "GRC-ELE-024", "GRC-ELE-025", "GRC-ELE-026", "GRC-ELE-027", 
"GRC-ELE-028", "GRC-ELE-029", "GRC-ELE-030", "GRC-ELE-031", "GRC-ELE-032", 
"GRC-ELE-033", "GRC-ELE-034", "GRC-ELE-035", "GRC-ELE-036", "GRC-ELE-037", 
"GRC-ELE-038", "GRC-ELE-039", "GRC-ELE-040", "GRC-ELE-041", "GRC-ELE-042", 
"GRC-ELE-043", "GRC-ELE-044", "GRC-ELE-045", "GRC-ELE-046", "GRC-ELE-047", 
"GRC-ELE-048", "GRC-ELE-049", "GRC-ELE-050", "GRC-ELE-051", "GRC-ELE-052", 
"GRC-ELE-053", "GRC-ELE-054", "GRC-ELE-055", "GRC-FBV-001", "GRC-FBV-002", 
"GRC-FBV-003", "GRC-FBV-004", "GRC-FBV-005", "GRC-FBV-006", "GRC-FBV-007", 
"GRC-FBV-008", "GRC-FBV-009", "GRC-FBV-010", "GRC-FBV-011", "GRC-FBV-012", 
"GRC-FBV-013", "GRC-FBV-014", "GRC-FBV-015", "GRC-FBV-016", "GRC-FBV-017", 
"GRC-FBV-018", "GRC-FBV-019", "GRC-FBV-020", "GRC-FBV-021", "GRC-FBV-022", 
"GRC-FBV-023", "GRC-FBV-024", "GRC-FBV-025", "GRC-FBV-026", "GRC-FBV-027", 
"GRC-FBV-028", "GRC-FBV-029", "GRC-FBV-030", "GRC-FBV-031", "GRC-FBV-032", 
"GRC-FBV-033", "GRC-FBV-034", "GRC-FBV-035", "GRC-FBV-036", "GRC-FBV-037", 
"GRC-FBV-038", "GRC-FBV-039", "GRC-FBV-040", "GRC-FBV-041", "GRC-FBV-042", 
"GRC-FBV-043", "GRC-FBV-044", "GRC-FBV-045", "GRC-FBV-046", "GRC-FBV-047", 
"GRC-FBV-048", "GRC-FBV-049", "GRC-FBV-050", "GRC-HBE-001", "GRC-HBE-002", 
"GRC-HBE-003", "GRC-HBE-004", "GRC-HBE-005", "GRC-HBE-006", "GRC-HBE-007", 
